-1.36136   -2.3561924999999997
-1.36136   -1.8325941666666665
-1.36136   -1.3089958333333334
-1.36136    -0.7853975
-1.36136   -0.26179916666666664
-1.36136   0.26179916666666664
-1.36136   0.7853975
-1.36136   1.3089958333333334
-1.36136    1.8325941666666665
-1.36136   2.3561924999999997
1.36136   -2.3561924999999997
1.36136   -1.8325941666666665
1.36136   -1.3089958333333334
1.36136    -0.7853975
1.36136   -0.26179916666666664
1.36136   0.26179916666666664
1.36136   0.7853975
1.36136   1.3089958333333334
1.36136    1.8325941666666665
1.36136   2.3561924999999997
0.0000    -1.8325941666666665
0.0000    1.8325941666666665
